(kicad_pcb (version 20171130) (host pcbnew 5.0.2-bee76a0~70~ubuntu18.04.1)

  (general
    (thickness 1.6)
    (drawings 27)
    (tracks 1113)
    (zones 0)
    (modules 105)
    (nets 125)
  )

  (page A4)
  (layers
    (0 F.Cu signal)
    (31 B.Cu signal)
    (32 B.Adhes user)
    (33 F.Adhes user)
    (34 B.Paste user)
    (35 F.Paste user)
    (36 B.SilkS user)
    (37 F.SilkS user)
    (38 B.Mask user)
    (39 F.Mask user)
    (40 Dwgs.User user)
    (41 Cmts.User user)
    (42 Eco1.User user)
    (43 Eco2.User user)
    (44 Edge.Cuts user)
    (45 Margin user)
    (46 B.CrtYd user)
    (47 F.CrtYd user)
    (48 B.Fab user)
    (49 F.Fab user hide)
  )

  (setup
    (last_trace_width 0.25)
    (user_trace_width 0.5)
    (trace_clearance 0.2)
    (zone_clearance 0.508)
    (zone_45_only no)
    (trace_min 0.2)
    (segment_width 0.2)
    (edge_width 0.2)
    (via_size 0.8)
    (via_drill 0.4)
    (via_min_size 0.4)
    (via_min_drill 0.3)
    (uvia_size 0.3)
    (uvia_drill 0.1)
    (uvias_allowed no)
    (uvia_min_size 0.2)
    (uvia_min_drill 0.1)
    (pcb_text_width 0.3)
    (pcb_text_size 1.5 1.5)
    (mod_edge_width 0.15)
    (mod_text_size 1 1)
    (mod_text_width 0.15)
    (pad_size 4.3 4.3)
    (pad_drill 4.3)
    (pad_to_mask_clearance 0.2)
    (solder_mask_min_width 0.25)
    (aux_axis_origin 0 0)
    (visible_elements FFFFFF7F)
    (pcbplotparams
      (layerselection 0x010f0_ffffffff)
      (usegerberextensions true)
      (usegerberattributes false)
      (usegerberadvancedattributes false)
      (creategerberjobfile false)
      (excludeedgelayer true)
      (linewidth 0.100000)
      (plotframeref true)
      (viasonmask false)
      (mode 1)
      (useauxorigin false)
      (hpglpennumber 1)
      (hpglpenspeed 20)
      (hpglpendiameter 15.000000)
      (psnegative false)
      (psa4output false)
      (plotreference true)
      (plotvalue true)
      (plotinvisibletext false)
      (padsonsilk false)
      (subtractmaskfromsilk false)
      (outputformat 4)
      (mirror false)
      (drillshape 0)
      (scaleselection 1)
      (outputdirectory "../../"))
  )

  (net 0 "")
  (net 1 +3V3)
  (net 2 GND)
  (net 3 "Net-(R4-Pad2)")
  (net 4 "Net-(R7-Pad1)")
  (net 5 "Net-(R13-Pad1)")
  (net 6 VUSB)
  (net 7 "Net-(U1-Pad52)")
  (net 8 "Net-(R2-Pad1)")
  (net 9 "Net-(R4-Pad1)")
  (net 10 "Net-(U1-Pad17)")
  (net 11 "Net-(U1-Pad20)")
  (net 12 "Net-(U1-Pad31)")
  (net 13 "Net-(U1-Pad30)")
  (net 14 "Net-(R16-Pad2)")
  (net 15 "Net-(R15-Pad2)")
  (net 16 "Net-(SW1-Pad2)")
  (net 17 "Net-(D1-Pad2)")
  (net 18 "Net-(D2-Pad2)")
  (net 19 "Net-(U1-Pad18)")
  (net 20 "Net-(U1-Pad19)")
  (net 21 "Net-(U1-Pad21)")
  (net 22 "Net-(U1-Pad22)")
  (net 23 "Net-(U1-Pad23)")
  (net 24 GPIO0)
  (net 25 GPIO1)
  (net 26 GPIO2)
  (net 27 GPIO3)
  (net 28 GPIO4)
  (net 29 GPIO5)
  (net 30 NLDAC_0)
  (net 31 CS1_0)
  (net 32 CS0_0)
  (net 33 OE1_0)
  (net 34 OE0_0)
  (net 35 NLDAC_1)
  (net 36 CS0_1)
  (net 37 CS1_1)
  (net 38 OE1_1)
  (net 39 OE0_1)
  (net 40 OUT_0)
  (net 41 VOUT_0)
  (net 42 DAC_0)
  (net 43 IOUT_0)
  (net 44 CS0_0i)
  (net 45 SCK_0i)
  (net 46 MOSI_0i)
  (net 47 NLDAC_0i)
  (net 48 2.5V_0)
  (net 49 MISO_0i)
  (net 50 ISENSE_0)
  (net 51 CS1_0i)
  (net 52 OE1_0i)
  (net 53 OE0_0i)
  (net 54 OUT_1)
  (net 55 DAC_1)
  (net 56 IOUT_1)
  (net 57 VOUT_1)
  (net 58 2.5V_1)
  (net 59 CS0_1i)
  (net 60 SCK_1i)
  (net 61 MOSI_1i)
  (net 62 NLDAC_1i)
  (net 63 CS1_1i)
  (net 64 ISENSE_1)
  (net 65 MISO_1i)
  (net 66 OE1_1i)
  (net 67 OE0_1i)
  (net 68 -15V_0)
  (net 69 GND_0)
  (net 70 +15V_0)
  (net 71 +5V_0)
  (net 72 +15V_1)
  (net 73 -15V_1)
  (net 74 GND_1)
  (net 75 +5V_1)
  (net 76 "Net-(J3-Pad1)")
  (net 77 "Net-(J2-Pad1)")
  (net 78 "Net-(R6-Pad2)")
  (net 79 "Net-(R6-Pad1)")
  (net 80 "Net-(R10-Pad1)")
  (net 81 "Net-(R9-Pad1)")
  (net 82 "Net-(R11-Pad1)")
  (net 83 "Net-(R13-Pad2)")
  (net 84 "Net-(R14-Pad2)")
  (net 85 "Net-(R1-Pad2)")
  (net 86 "Net-(R11-Pad2)")
  (net 87 "Net-(U6-Pad16)")
  (net 88 "Net-(U6-Pad23)")
  (net 89 "Net-(U17-Pad16)")
  (net 90 "Net-(U17-Pad23)")
  (net 91 "Net-(C36-Pad1)")
  (net 92 "Net-(C10-Pad1)")
  (net 93 "Net-(U16-Pad4)")
  (net 94 "Net-(U16-Pad5)")
  (net 95 "Net-(U21-Pad8)")
  (net 96 "Net-(U5-Pad5)")
  (net 97 "Net-(U5-Pad4)")
  (net 98 "Net-(U10-Pad8)")
  (net 99 "Net-(U23-Pad12)")
  (net 100 "Net-(U23-Pad11)")
  (net 101 "Net-(U12-Pad12)")
  (net 102 "Net-(U12-Pad11)")
  (net 103 "Net-(U3-Pad11)")
  (net 104 "Net-(U3-Pad10)")
  (net 105 "Net-(U3-Pad7)")
  (net 106 "Net-(U3-Pad6)")
  (net 107 "Net-(U14-Pad11)")
  (net 108 "Net-(U14-Pad10)")
  (net 109 "Net-(U14-Pad7)")
  (net 110 "Net-(U14-Pad6)")
  (net 111 MISO)
  (net 112 "Net-(U1-Pad24)")
  (net 113 MOSI)
  (net 114 "Net-(U1-Pad2)")
  (net 115 SCK)
  (net 116 "Net-(U1-Pad16)")
  (net 117 "Net-(U1-Pad32)")
  (net 118 GPIO6)
  (net 119 GPIO7)
  (net 120 GPIO8)
  (net 121 GPIO9)
  (net 122 GPIO10)
  (net 123 GPIO11)
  (net 124 "Net-(U1-Pad15)")

  (net_class Default "This is the default net class."
    (clearance 0.2)
    (trace_width 0.25)
    (via_dia 0.8)
    (via_drill 0.4)
    (uvia_dia 0.3)
    (uvia_drill 0.1)
    (add_net +15V_0)
    (add_net +15V_1)
    (add_net +3V3)
    (add_net +5V_0)
    (add_net +5V_1)
    (add_net -15V_0)
    (add_net -15V_1)
    (add_net 2.5V_0)
    (add_net 2.5V_1)
    (add_net CS0_0)
    (add_net CS0_0i)
    (add_net CS0_1)
    (add_net CS0_1i)
    (add_net CS1_0)
    (add_net CS1_0i)
    (add_net CS1_1)
    (add_net CS1_1i)
    (add_net DAC_0)
    (add_net DAC_1)
    (add_net GND)
    (add_net GND_0)
    (add_net GND_1)
    (add_net GPIO0)
    (add_net GPIO1)
    (add_net GPIO10)
    (add_net GPIO11)
    (add_net GPIO2)
    (add_net GPIO3)
    (add_net GPIO4)
    (add_net GPIO5)
    (add_net GPIO6)
    (add_net GPIO7)
    (add_net GPIO8)
    (add_net GPIO9)
    (add_net IOUT_0)
    (add_net IOUT_1)
    (add_net ISENSE_0)
    (add_net ISENSE_1)
    (add_net MISO)
    (add_net MISO_0i)
    (add_net MISO_1i)
    (add_net MOSI)
    (add_net MOSI_0i)
    (add_net MOSI_1i)
    (add_net NLDAC_0)
    (add_net NLDAC_0i)
    (add_net NLDAC_1)
    (add_net NLDAC_1i)
    (add_net "Net-(C10-Pad1)")
    (add_net "Net-(C36-Pad1)")
    (add_net "Net-(D1-Pad2)")
    (add_net "Net-(D2-Pad2)")
    (add_net "Net-(J2-Pad1)")
    (add_net "Net-(J3-Pad1)")
    (add_net "Net-(R1-Pad2)")
    (add_net "Net-(R10-Pad1)")
    (add_net "Net-(R11-Pad1)")
    (add_net "Net-(R11-Pad2)")
    (add_net "Net-(R13-Pad1)")
    (add_net "Net-(R13-Pad2)")
    (add_net "Net-(R14-Pad2)")
    (add_net "Net-(R15-Pad2)")
    (add_net "Net-(R16-Pad2)")
    (add_net "Net-(R2-Pad1)")
    (add_net "Net-(R4-Pad1)")
    (add_net "Net-(R4-Pad2)")
    (add_net "Net-(R6-Pad1)")
    (add_net "Net-(R6-Pad2)")
    (add_net "Net-(R7-Pad1)")
    (add_net "Net-(R9-Pad1)")
    (add_net "Net-(SW1-Pad2)")
    (add_net "Net-(U1-Pad15)")
    (add_net "Net-(U1-Pad16)")
    (add_net "Net-(U1-Pad17)")
    (add_net "Net-(U1-Pad18)")
    (add_net "Net-(U1-Pad19)")
    (add_net "Net-(U1-Pad2)")
    (add_net "Net-(U1-Pad20)")
    (add_net "Net-(U1-Pad21)")
    (add_net "Net-(U1-Pad22)")
    (add_net "Net-(U1-Pad23)")
    (add_net "Net-(U1-Pad24)")
    (add_net "Net-(U1-Pad30)")
    (add_net "Net-(U1-Pad31)")
    (add_net "Net-(U1-Pad32)")
    (add_net "Net-(U1-Pad52)")
    (add_net "Net-(U10-Pad8)")
    (add_net "Net-(U12-Pad11)")
    (add_net "Net-(U12-Pad12)")
    (add_net "Net-(U14-Pad10)")
    (add_net "Net-(U14-Pad11)")
    (add_net "Net-(U14-Pad6)")
    (add_net "Net-(U14-Pad7)")
    (add_net "Net-(U16-Pad4)")
    (add_net "Net-(U16-Pad5)")
    (add_net "Net-(U17-Pad16)")
    (add_net "Net-(U17-Pad23)")
    (add_net "Net-(U21-Pad8)")
    (add_net "Net-(U23-Pad11)")
    (add_net "Net-(U23-Pad12)")
    (add_net "Net-(U3-Pad10)")
    (add_net "Net-(U3-Pad11)")
    (add_net "Net-(U3-Pad6)")
    (add_net "Net-(U3-Pad7)")
    (add_net "Net-(U5-Pad4)")
    (add_net "Net-(U5-Pad5)")
    (add_net "Net-(U6-Pad16)")
    (add_net "Net-(U6-Pad23)")
    (add_net OE0_0)
    (add_net OE0_0i)
    (add_net OE0_1)
    (add_net OE0_1i)
    (add_net OE1_0)
    (add_net OE1_0i)
    (add_net OE1_1)
    (add_net OE1_1i)
    (add_net OUT_0)
    (add_net OUT_1)
    (add_net SCK)
    (add_net SCK_0i)
    (add_net SCK_1i)
    (add_net VOUT_0)
    (add_net VOUT_1)
    (add_net VUSB)
  )

  (net_class thick ""
    (clearance 0.2)
    (trace_width 0.5)
    (via_dia 1)
    (via_drill 0.5)
    (uvia_dia 0.3)
    (uvia_drill 0.1)
  )

  (module microstim:LED_D5.0mm_Horizontal_O1.27mm_Z3.0mm_pinSwapped (layer F.Cu) (tedit 5C607509) (tstamp 5C8CC128)
    (at 121 126)
    (descr "LED, diameter 5.0mm z-position of LED center 3.0mm, 2 pins")
    (tags "LED diameter 5.0mm z-position of LED center 3.0mm 2 pins")
    (path /5D4A0A00)
    (fp_text reference D1 (at 1.27 -1.96) (layer F.SilkS)
      (effects (font (size 1 1) (thickness 0.15)))
    )
    (fp_text value LED (at 1.27 10.93) (layer F.Fab)
      (effects (font (size 1 1) (thickness 0.15)))
    )
    (fp_line (start 4.5 -1.25) (end -1.95 -1.25) (layer F.CrtYd) (width 0.05))
    (fp_line (start 4.5 10.2) (end 4.5 -1.25) (layer F.CrtYd) (width 0.05))
    (fp_line (start -1.95 10.2) (end 4.5 10.2) (layer F.CrtYd) (width 0.05))
    (fp_line (start -1.95 -1.25) (end -1.95 10.2) (layer F.CrtYd) (width 0.05))
    (fp_line (start 2.54 1.08) (end 2.54 1.08) (layer F.SilkS) (width 0.12))
    (fp_line (start 2.54 1.21) (end 2.54 1.08) (layer F.SilkS) (width 0.12))
    (fp_line (start 2.54 1.21) (end 2.54 1.21) (layer F.SilkS) (width 0.12))
    (fp_line (start 2.54 1.08) (end 2.54 1.21) (layer F.SilkS) (width 0.12))
    (fp_line (start 0 1.08) (end 0 1.08) (layer F.SilkS) (width 0.12))
    (fp_line (start 0 1.21) (end 0 1.08) (layer F.SilkS) (width 0.12))
    (fp_line (start 0 1.21) (end 0 1.21) (layer F.SilkS) (width 0.12))
    (fp_line (start 0 1.08) (end 0 1.21) (layer F.SilkS) (width 0.12))
    (fp_line (start 3.83 1.21) (end 4.23 1.21) (layer F.SilkS) (width 0.12))
    (fp_line (start 3.83 2.33) (end 3.83 1.21) (layer F.SilkS) (width 0.12))
    (fp_line (start 4.23 2.33) (end 3.83 2.33) (layer F.SilkS) (width 0.12))
    (fp_line (start 4.23 1.21) (end 4.23 2.33) (layer F.SilkS) (width 0.12))
    (fp_line (start -1.29 1.21) (end 3.83 1.21) (layer F.SilkS) (width 0.12))
    (fp_line (start 3.83 1.21) (end 3.83 7.37) (layer F.SilkS) (width 0.12))
    (fp_line (start -1.29 1.21) (end -1.29 7.37) (layer F.SilkS) (width 0.12))
    (fp_line (start 2.54 0) (end 2.54 0) (layer F.Fab) (width 0.1))
    (fp_line (start 2.54 1.27) (end 2.54 0) (layer F.Fab) (width 0.1))
    (fp_line (start 2.54 1.27) (end 2.54 1.27) (layer F.Fab) (width 0.1))
    (fp_line (start 2.54 0) (end 2.54 1.27) (layer F.Fab) (width 0.1))
    (fp_line (start 0 0) (end 0 0) (layer F.Fab) (width 0.1))
    (fp_line (start 0 1.27) (end 0 0) (layer F.Fab) (width 0.1))
    (fp_line (start 0 1.27) (end 0 1.27) (layer F.Fab) (width 0.1))
    (fp_line (start 0 0) (end 0 1.27) (layer F.Fab) (width 0.1))
    (fp_line (start 3.77 1.27) (end 4.17 1.27) (layer F.Fab) (width 0.1))
    (fp_line (start 3.77 2.27) (end 3.77 1.27) (layer F.Fab) (width 0.1))
    (fp_line (start 4.17 2.27) (end 3.77 2.27) (layer F.Fab) (width 0.1))
    (fp_line (start 4.17 1.27) (end 4.17 2.27) (layer F.Fab) (width 0.1))
    (fp_line (start -1.23 1.27) (end 3.77 1.27) (layer F.Fab) (width 0.1))
    (fp_line (start 3.77 1.27) (end 3.77 7.37) (layer F.Fab) (width 0.1))
    (fp_line (start -1.23 1.27) (end -1.23 7.37) (layer F.Fab) (width 0.1))
    (fp_arc (start 1.27 7.37) (end -1.29 7.37) (angle -180) (layer F.SilkS) (width 0.12))
    (fp_arc (start 1.27 7.37) (end -1.23 7.37) (angle -180) (layer F.Fab) (width 0.1))
    (pad 2 thru_hole circle (at 0 0) (size 1.8 1.8) (drill 0.9) (layers *.Cu *.Mask)
      (net 17 "Net-(D1-Pad2)"))
    (pad 1 thru_hole rect (at 2.5 0) (size 1.8 1.8) (drill 0.9) (layers *.Cu *.Mask)
      (net 2 GND))
    (model ${KISYS3DMOD}/LED_THT.3dshapes/LED_D5.0mm_Horizontal_O1.27mm_Z3.0mm.wrl
      (at (xyz 0 0 0))
      (scale (xyz 1 1 1))
      (rotate (xyz 0 0 0))
    )
  )

  (module microstim:LED_D5.0mm_Horizontal_O1.27mm_Z3.0mm_pinSwapped (layer F.Cu) (tedit 5C607509) (tstamp 5C8CC2AE)
    (at 131.5 126)
    (descr "LED, diameter 5.0mm z-position of LED center 3.0mm, 2 pins")
    (tags "LED diameter 5.0mm z-position of LED center 3.0mm 2 pins")
    (path /5D4A123A)
    (fp_text reference D2 (at 1.27 -1.96) (layer F.SilkS)
      (effects (font (size 1 1) (thickness 0.15)))
    )
    (fp_text value LED (at 1.27 10.93) (layer F.Fab)
      (effects (font (size 1 1) (thickness 0.15)))
    )
    (fp_line (start 4.5 -1.25) (end -1.95 -1.25) (layer F.CrtYd) (width 0.05))
    (fp_line (start 4.5 10.2) (end 4.5 -1.25) (layer F.CrtYd) (width 0.05))
    (fp_line (start -1.95 10.2) (end 4.5 10.2) (layer F.CrtYd) (width 0.05))
    (fp_line (start -1.95 -1.25) (end -1.95 10.2) (layer F.CrtYd) (width 0.05))
    (fp_line (start 2.54 1.08) (end 2.54 1.08) (layer F.SilkS) (width 0.12))
    (fp_line (start 2.54 1.21) (end 2.54 1.08) (layer F.SilkS) (width 0.12))
    (fp_line (start 2.54 1.21) (end 2.54 1.21) (layer F.SilkS) (width 0.12))
    (fp_line (start 2.54 1.08) (end 2.54 1.21) (layer F.SilkS) (width 0.12))
    (fp_line (start 0 1.08) (end 0 1.08) (layer F.SilkS) (width 0.12))
    (fp_line (start 0 1.21) (end 0 1.08) (layer F.SilkS) (width 0.12))
    (fp_line (start 0 1.21) (end 0 1.21) (layer F.SilkS) (width 0.12))
    (fp_line (start 0 1.08) (end 0 1.21) (layer F.SilkS) (width 0.12))
    (fp_line (start 3.83 1.21) (end 4.23 1.21) (layer F.SilkS) (width 0.12))
    (fp_line (start 3.83 2.33) (end 3.83 1.21) (layer F.SilkS) (width 0.12))
    (fp_line (start 4.23 2.33) (end 3.83 2.33) (layer F.SilkS) (width 0.12))
    (fp_line (start 4.23 1.21) (end 4.23 2.33) (layer F.SilkS) (width 0.12))
    (fp_line (start -1.29 1.21) (end 3.83 1.21) (layer F.SilkS) (width 0.12))
    (fp_line (start 3.83 1.21) (end 3.83 7.37) (layer F.SilkS) (width 0.12))
    (fp_line (start -1.29 1.21) (end -1.29 7.37) (layer F.SilkS) (width 0.12))
    (fp_line (start 2.54 0) (end 2.54 0) (layer F.Fab) (width 0.1))
    (fp_line (start 2.54 1.27) (end 2.54 0) (layer F.Fab) (width 0.1))
    (fp_line (start 2.54 1.27) (end 2.54 1.27) (layer F.Fab) (width 0.1))
    (fp_line (start 2.54 0) (end 2.54 1.27) (layer F.Fab) (width 0.1))
    (fp_line (start 0 0) (end 0 0) (layer F.Fab) (width 0.1))
    (fp_line (start 0 1.27) (end 0 0) (layer F.Fab) (width 0.1))
    (fp_line (start 0 1.27) (end 0 1.27) (layer F.Fab) (width 0.1))
    (fp_line (start 0 0) (end 0 1.27) (layer F.Fab) (width 0.1))
    (fp_line (start 3.77 1.27) (end 4.17 1.27) (layer F.Fab) (width 0.1))
    (fp_line (start 3.77 2.27) (end 3.77 1.27) (layer F.Fab) (width 0.1))
    (fp_line (start 4.17 2.27) (end 3.77 2.27) (layer F.Fab) (width 0.1))
    (fp_line (start 4.17 1.27) (end 4.17 2.27) (layer F.Fab) (width 0.1))
    (fp_line (start -1.23 1.27) (end 3.77 1.27) (layer F.Fab) (width 0.1))
    (fp_line (start 3.77 1.27) (end 3.77 7.37) (layer F.Fab) (width 0.1))
    (fp_line (start -1.23 1.27) (end -1.23 7.37) (layer F.Fab) (width 0.1))
    (fp_arc (start 1.27 7.37) (end -1.29 7.37) (angle -180) (layer F.SilkS) (width 0.12))
    (fp_arc (start 1.27 7.37) (end -1.23 7.37) (angle -180) (layer F.Fab) (width 0.1))
    (pad 2 thru_hole circle (at 0 0) (size 1.8 1.8) (drill 0.9) (layers *.Cu *.Mask)
      (net 18 "Net-(D2-Pad2)"))
    (pad 1 thru_hole rect (at 2.5 0) (size 1.8 1.8) (drill 0.9) (layers *.Cu *.Mask)
      (net 2 GND))
    (model ${KISYS3DMOD}/LED_THT.3dshapes/LED_D5.0mm_Horizontal_O1.27mm_Z3.0mm.wrl
      (at (xyz 0 0 0))
      (scale (xyz 1 1 1))
      (rotate (xyz 0 0 0))
    )
  )

  (module microstim:EVQ-PF303K (layer F.Cu) (tedit 5C6024D5) (tstamp 5C8CC344)
    (at 109.9 124.9)
    (path /5CA03C86)
    (fp_text reference SW1 (at 0 -1.5) (layer F.SilkS)
      (effects (font (size 1 1) (thickness 0.15)))
    )
    (fp_text value SW_Push (at 0.25 1.5) (layer F.Fab)
      (effects (font (size 1 1) (thickness 0.15)))
    )
    (fp_line (start -3.5 -1) (end 3.5 -1) (layer F.SilkS) (width 0.15))
    (fp_line (start 3.5 -1) (end 3.5 6) (layer F.SilkS) (width 0.15))
    (fp_line (start 3.5 6) (end -3.5 6) (layer F.SilkS) (width 0.15))
    (fp_line (start -3.5 6) (end -3.5 -1) (layer F.SilkS) (width 0.15))
    (pad ~ thru_hole circle (at -3.5 0) (size 2 2) (drill 1.3) (layers *.Cu *.Mask))
    (pad ~ thru_hole circle (at 3.5 0) (size 2 2) (drill 1.3) (layers *.Cu *.Mask))
    (pad 1 thru_hole circle (at -2.25 2.5) (size 1.524 1.524) (drill 1) (layers *.Cu *.Mask)
      (net 2 GND))
    (pad 2 thru_hole circle (at 2.25 2.5) (size 1.524 1.524) (drill 1) (layers *.Cu *.Mask)
      (net 16 "Net-(SW1-Pad2)"))
  )

  (module Resistor_SMD:R_0603_1608Metric (layer F.Cu) (tedit 5B301BBD) (tstamp 5C8CC44B)
    (at 128.2 125.8 90)
    (descr "Resistor SMD 0603 (1608 Metric), square (rectangular) end terminal, IPC_7351 nominal, (Body size source: http://www.tortai-tech.com/upload/download/2011102023233369053.pdf), generated with kicad-footprint-generator")
    (tags resistor)
    (path /5F6D06FD)
    (attr smd)
    (fp_text reference R16 (at 0 -1.43 90) (layer F.SilkS)
      (effects (font (size 1 1) (thickness 0.15)))
    )
    (fp_text value 200 (at 0 1.43 90) (layer F.Fab)
      (effects (font (size 1 1) (thickness 0.15)))
    )
    (fp_text user %R (at 0 0 90) (layer F.Fab)
      (effects (font (size 0.4 0.4) (thickness 0.06)))
    )
    (fp_line (start 1.48 0.73) (end -1.48 0.73) (layer F.CrtYd) (width 0.05))
    (fp_line (start 1.48 -0.73) (end 1.48 0.73) (layer F.CrtYd) (width 0.05))
    (fp_line (start -1.48 -0.73) (end 1.48 -0.73) (layer F.CrtYd) (width 0.05))
    (fp_line (start -1.48 0.73) (end -1.48 -0.73) (layer F.CrtYd) (width 0.05))
    (fp_line (start -0.162779 0.51) (end 0.162779 0.51) (layer F.SilkS) (width 0.12))
    (fp_line (start -0.162779 -0.51) (end 0.162779 -0.51) (layer F.SilkS) (width 0.12))
    (fp_line (start 0.8 0.4) (end -0.8 0.4) (layer F.Fab) (width 0.1))
    (fp_line (start 0.8 -0.4) (end 0.8 0.4) (layer F.Fab) (width 0.1))
    (fp_line (start -0.8 -0.4) (end 0.8 -0.4) (layer F.Fab) (width 0.1))
    (fp_line (start -0.8 0.4) (end -0.8 -0.4) (layer F.Fab) (width 0.1))
    (pad 2 smd roundrect (at 0.7875 0 90) (size 0.875 0.95) (layers F.Cu F.Paste F.Mask) (roundrect_rratio 0.25)
      (net 14 "Net-(R16-Pad2)"))
    (pad 1 smd roundrect (at -0.7875 0 90) (size 0.875 0.95) (layers F.Cu F.Paste F.Mask) (roundrect_rratio 0.25)
      (net 18 "Net-(D2-Pad2)"))
    (model ${KISYS3DMOD}/Resistor_SMD.3dshapes/R_0603_1608Metric.wrl
      (at (xyz 0 0 0))
      (scale (xyz 1 1 1))
      (rotate (xyz 0 0 0))
    )
  )

  (module Resistor_SMD:R_0603_1608Metric (layer F.Cu) (tedit 5B301BBD) (tstamp 5C8CC4A5)
    (at 118 125.9 90)
    (descr "Resistor SMD 0603 (1608 Metric), square (rectangular) end terminal, IPC_7351 nominal, (Body size source: http://www.tortai-tech.com/upload/download/2011102023233369053.pdf), generated with kicad-footprint-generator")
    (tags resistor)
    (path /5F6D042D)
    (attr smd)
    (fp_text reference R15 (at 0 -1.43 90) (layer F.SilkS)
      (effects (font (size 1 1) (thickness 0.15)))
    )
    (fp_text value 200 (at 0 1.43 90) (layer F.Fab)
      (effects (font (size 1 1) (thickness 0.15)))
    )
    (fp_line (start -0.8 0.4) (end -0.8 -0.4) (layer F.Fab) (width 0.1))
    (fp_line (start -0.8 -0.4) (end 0.8 -0.4) (layer F.Fab) (width 0.1))
    (fp_line (start 0.8 -0.4) (end 0.8 0.4) (layer F.Fab) (width 0.1))
    (fp_line (start 0.8 0.4) (end -0.8 0.4) (layer F.Fab) (width 0.1))
    (fp_line (start -0.162779 -0.51) (end 0.162779 -0.51) (layer F.SilkS) (width 0.12))
    (fp_line (start -0.162779 0.51) (end 0.162779 0.51) (layer F.SilkS) (width 0.12))
    (fp_line (start -1.48 0.73) (end -1.48 -0.73) (layer F.CrtYd) (width 0.05))
    (fp_line (start -1.48 -0.73) (end 1.48 -0.73) (layer F.CrtYd) (width 0.05))
    (fp_line (start 1.48 -0.73) (end 1.48 0.73) (layer F.CrtYd) (width 0.05))
    (fp_line (start 1.48 0.73) (end -1.48 0.73) (layer F.CrtYd) (width 0.05))
    (fp_text user %R (at 0 0 90) (layer F.Fab)
      (effects (font (size 0.4 0.4) (thickness 0.06)))
    )
    (pad 1 smd roundrect (at -0.7875 0 90) (size 0.875 0.95) (layers F.Cu F.Paste F.Mask) (roundrect_rratio 0.25)
      (net 17 "Net-(D1-Pad2)"))
    (pad 2 smd roundrect (at 0.7875 0 90) (size 0.875 0.95) (layers F.Cu F.Paste F.Mask) (roundrect_rratio 0.25)
      (net 15 "Net-(R15-Pad2)"))
    (model ${KISYS3DMOD}/Resistor_SMD.3dshapes/R_0603_1608Metric.wrl
      (at (xyz 0 0 0))
      (scale (xyz 1 1 1))
      (rotate (xyz 0 0 0))
    )
  )

  (module microstim:CC3-0512DF-E (layer F.Cu) (tedit 5BEDDF54) (tstamp 5C8CD360)
    (at 162.25 111.3 90)
    (path /5BC2407D)
    (fp_text reference U2 (at 12.3 1.25 90) (layer F.SilkS)
      (effects (font (size 1 1) (thickness 0.15)))
    )
    (fp_text value CC3-0512DF-E (at 8 -2 90) (layer F.Fab)
      (effects (font (size 1 1) (thickness 0.15)))
    )
    (fp_line (start 23 0) (end 0 0) (layer F.SilkS) (width 0.15))
    (fp_line (start 23 -16) (end 23 0) (layer F.SilkS) (width 0.15))
    (fp_line (start 0 -16) (end 23 -16) (layer F.SilkS) (width 0.15))
    (fp_line (start 0 0) (end 0 -16) (layer F.SilkS) (width 0.15))
    (pad 4 thru_hole circle (at 23 -3 90) (size 1.524 1.524) (drill 0.762) (layers *.Cu *.Mask)
      (net 68 -15V_0))
    (pad 5 thru_hole circle (at 23 -5.5 90) (size 1.524 1.524) (drill 0.762) (layers *.Cu *.Mask)
      (net 69 GND_0))
    (pad 6 thru_hole circle (at 23 -10.5 90) (size 1.524 1.524) (drill 0.762) (layers *.Cu *.Mask)
      (net 68 -15V_0))
    (pad 7 thru_hole circle (at 23 -13 90) (size 1.524 1.524) (drill 0.762) (layers *.Cu *.Mask)
      (net 70 +15V_0))
    (pad a thru_hole circle (at 20.5 -16 90) (size 1.8 1.8) (drill 1.2) (layers *.Cu *.Mask))
    (pad a thru_hole circle (at 2.5 0 90) (size 1.8 1.8) (drill 1.2) (layers *.Cu *.Mask))
    (pad 1 thru_hole circle (at 0 -13 90) (size 1.524 1.524) (drill 0.762) (layers *.Cu *.Mask)
      (net 6 VUSB))
    (pad 2 thru_hole circle (at 0 -5.5 90) (size 1.524 1.524) (drill 0.762) (layers *.Cu *.Mask)
      (net 2 GND))
    (pad 3 thru_hole circle (at 0 -3 90) (size 1.524 1.524) (drill 0.762) (layers *.Cu *.Mask)
      (net 2 GND))
  )

  (module Capacitor_SMD:C_0603_1608Metric (layer F.Cu) (tedit 5B301BBE) (tstamp 5C8CD390)
    (at 168.1 94.1 90)
    (descr "Capacitor SMD 0603 (1608 Metric), square (rectangular) end terminal, IPC_7351 nominal, (Body size source: http://www.tortai-tech.com/upload/download/2011102023233369053.pdf), generated with kicad-footprint-generator")
    (tags capacitor)
    (path /5C9B5470)
    (attr smd)
    (fp_text reference C52 (at -2.9 0 90) (layer F.SilkS)
      (effects (font (size 1 1) (thickness 0.15)))
    )
    (fp_text value 1uF (at 0 1.43 90) (layer F.Fab)
      (effects (font (size 1 1) (thickness 0.15)))
    )
    (fp_line (start -0.8 0.4) (end -0.8 -0.4) (layer F.Fab) (width 0.1))
    (fp_line (start -0.8 -0.4) (end 0.8 -0.4) (layer F.Fab) (width 0.1))
    (fp_line (start 0.8 -0.4) (end 0.8 0.4) (layer F.Fab) (width 0.1))
    (fp_line (start 0.8 0.4) (end -0.8 0.4) (layer F.Fab) (width 0.1))
    (fp_line (start -0.162779 -0.51) (end 0.162779 -0.51) (layer F.SilkS) (width 0.12))
    (fp_line (start -0.162779 0.51) (end 0.162779 0.51) (layer F.SilkS) (width 0.12))
    (fp_line (start -1.48 0.73) (end -1.48 -0.73) (layer F.CrtYd) (width 0.05))
    (fp_line (start -1.48 -0.73) (end 1.48 -0.73) (layer F.CrtYd) (width 0.05))
    (fp_line (start 1.48 -0.73) (end 1.48 0.73) (layer F.CrtYd) (width 0.05))
    (fp_line (start 1.48 0.73) (end -1.48 0.73) (layer F.CrtYd) (width 0.05))
    (fp_text user %R (at 0 0 90) (layer F.Fab)
      (effects (font (size 0.4 0.4) (thickness 0.06)))
    )
    (pad 1 smd roundrect (at -0.7875 0 90) (size 0.875 0.95) (layers F.Cu F.Paste F.Mask) (roundrect_rratio 0.25)
      (net 74 GND_1))
    (pad 2 smd roundrect (at 0.7875 0 90) (size 0.875 0.95) (layers F.Cu F.Paste F.Mask) (roundrect_rratio 0.25)
      (net 75 +5V_1))
    (model ${KISYS3DMOD}/Capacitor_SMD.3dshapes/C_0603_1608Metric.wrl
      (at (xyz 0 0 0))
      (scale (xyz 1 1 1))
      (rotate (xyz 0 0 0))
    )
  )

  (module Package_SO:SOIC-8_3.9x4.9mm_P1.27mm (layer F.Cu) (tedit 5A02F2D3) (tstamp 5C8CCF34)
    (at 154.7 83.965 180)
    (descr "8-Lead Plastic Small Outline (SN) - Narrow, 3.90 mm Body [SOIC] (see Microchip Packaging Specification 00000049BS.pdf)")
    (tags "SOIC 1.27")
    (path /5B81BC84)
    (attr smd)
    (fp_text reference U5 (at 0 3.165 180) (layer F.SilkS)
      (effects (font (size 1 1) (thickness 0.15)))
    )
    (fp_text value L78L05_SO8 (at 0.202931 -0.06403 270) (layer F.Fab)
      (effects (font (size 1 1) (thickness 0.15)))
    )
    (fp_line (start -2.075 -2.525) (end -3.475 -2.525) (layer F.SilkS) (width 0.15))
    (fp_line (start -2.075 2.575) (end 2.075 2.575) (layer F.SilkS) (width 0.15))
    (fp_line (start -2.075 -2.575) (end 2.075 -2.575) (layer F.SilkS) (width 0.15))
    (fp_line (start -2.075 2.575) (end -2.075 2.43) (layer F.SilkS) (width 0.15))
    (fp_line (start 2.075 2.575) (end 2.075 2.43) (layer F.SilkS) (width 0.15))
    (fp_line (start 2.075 -2.575) (end 2.075 -2.43) (layer F.SilkS) (width 0.15))
    (fp_line (start -2.075 -2.575) (end -2.075 -2.525) (layer F.SilkS) (width 0.15))
    (fp_line (start -3.73 2.7) (end 3.73 2.7) (layer F.CrtYd) (width 0.05))
    (fp_line (start -3.73 -2.7) (end 3.73 -2.7) (layer F.CrtYd) (width 0.05))
    (fp_line (start 3.73 -2.7) (end 3.73 2.7) (layer F.CrtYd) (width 0.05))
    (fp_line (start -3.73 -2.7) (end -3.73 2.7) (layer F.CrtYd) (width 0.05))
    (fp_line (start -1.95 -1.45) (end -0.95 -2.45) (layer F.Fab) (width 0.1))
    (fp_line (start -1.95 2.45) (end -1.95 -1.45) (layer F.Fab) (width 0.1))
    (fp_line (start 1.95 2.45) (end -1.95 2.45) (layer F.Fab) (width 0.1))
    (fp_line (start 1.95 -2.45) (end 1.95 2.45) (layer F.Fab) (width 0.1))
    (fp_line (start -0.95 -2.45) (end 1.95 -2.45) (layer F.Fab) (width 0.1))
    (fp_text user %R (at 0 0 180) (layer F.Fab)
      (effects (font (size 1 1) (thickness 0.15)))
    )
    (pad 8 smd rect (at 2.7 -1.905 180) (size 1.55 0.6) (layers F.Cu F.Paste F.Mask)
      (net 70 +15V_0))
    (pad 7 smd rect (at 2.7 -0.635 180) (size 1.55 0.6) (layers F.Cu F.Paste F.Mask)
      (net 69 GND_0))
    (pad 6 smd rect (at 2.7 0.635 180) (size 1.55 0.6) (layers F.Cu F.Paste F.Mask)
      (net 69 GND_0))
    (pad 5 smd rect (at 2.7 1.905 180) (size 1.55 0.6) (layers F.Cu F.Paste F.Mask)
      (net 96 "Net-(U5-Pad5)"))
    (pad 4 smd rect (at -2.7 1.905 180) (size 1.55 0.6) (layers F.Cu F.Paste F.Mask)
      (net 97 "Net-(U5-Pad4)"))
    (pad 3 smd rect (at -2.7 0.635 180) (size 1.55 0.6) (layers F.Cu F.Paste F.Mask)
      (net 69 GND_0))
    (pad 2 smd rect (at -2.7 -0.635 180) (size 1.55 0.6) (layers F.Cu F.Paste F.Mask)
      (net 69 GND_0))
    (pad 1 smd rect (at -2.7 -1.905 180) (size 1.55 0.6) (layers F.Cu F.Paste F.Mask)
      (net 71 +5V_0))
    (model ${KISYS3DMOD}/Package_SO.3dshapes/SOIC-8_3.9x4.9mm_P1.27mm.wrl
      (at (xyz 0 0 0))
      (scale (xyz 1 1 1))
      (rotate (xyz 0 0 0))
    )
  )

  (module Capacitor_SMD:C_0603_1608Metric (layer F.Cu) (tedit 5C5EB9D4) (tstamp 5C8CE596)
    (at 123.7 94.5 90)
    (descr "Capacitor SMD 0603 (1608 Metric), square (rectangular) end terminal, IPC_7351 nominal, (Body size source: http://www.tortai-tech.com/upload/download/2011102023233369053.pdf), generated with kicad-footprint-generator")
    (tags capacitor)
    (path /5C95825D)
    (attr smd)
    (fp_text reference C51 (at -2.8 0 90) (layer F.SilkS)
      (effects (font (size 1 1) (thickness 0.15)))
    )
    (fp_text value 1uF (at 0 1.43 90) (layer F.Fab)
      (effects (font (size 1 1) (thickness 0.15)))
    )
    (fp_line (start -0.8 0.4) (end -0.8 -0.4) (layer F.Fab) (width 0.1))
    (fp_line (start -0.8 -0.4) (end 0.8 -0.4) (layer F.Fab) (width 0.1))
    (fp_line (start 0.8 -0.4) (end 0.8 0.4) (layer F.Fab) (width 0.1))
    (fp_line (start 0.8 0.4) (end -0.8 0.4) (layer F.Fab) (width 0.1))
    (fp_line (start -0.162779 -0.51) (end 0.162779 -0.51) (layer F.SilkS) (width 0.12))
    (fp_line (start -0.162779 0.51) (end 0.162779 0.51) (layer F.SilkS) (width 0.12))
    (fp_line (start -1.48 0.73) (end -1.48 -0.73) (layer F.CrtYd) (width 0.05))
    (fp_line (start -1.48 -0.73) (end 1.48 -0.73) (layer F.CrtYd) (width 0.05))
    (fp_line (start 1.48 -0.73) (end 1.48 0.73) (layer F.CrtYd) (width 0.05))
    (fp_line (start 1.48 0.73) (end -1.48 0.73) (layer F.CrtYd) (width 0.05))
    (fp_text user %R (at 0 0 90) (layer F.Fab)
      (effects (font (size 0.4 0.4) (thickness 0.06)))
    )
    (pad 1 smd roundrect (at -0.7875 0 90) (size 0.875 0.95) (layers F.Cu F.Paste F.Mask) (roundrect_rratio 0.25)
      (net 69 GND_0))
    (pad 2 smd roundrect (at 0.7875 0 90) (size 0.875 0.95) (layers F.Cu F.Paste F.Mask) (roundrect_rratio 0.25)
      (net 71 +5V_0))
    (model ${KISYS3DMOD}/Capacitor_SMD.3dshapes/C_0603_1608Metric.wrl
      (at (xyz 0 0 0))
      (scale (xyz 1 1 1))
      (rotate (xyz 0 0 0))
    )
  )

  (module "microstim:1-2834016-2 _TERM_BLK_2P_SIDE_ENT_2.54MM_PCB" (layer F.Cu) (tedit 5C066987) (tstamp 5C8CD49A)
    (at 141.9 56.8 180)
    (path /5C269465)
    (fp_text reference J6 (at 5.7 -2.3 180) (layer F.SilkS)
      (effects (font (size 1 1) (thickness 0.15)))
    )
    (fp_text value Screw_Terminal_01x02 (at 0 -0.5 180) (layer F.Fab)
      (effects (font (size 1 1) (thickness 0.15)))
    )
    (fp_line (start 4.2 5) (end 4.2 -8) (layer F.SilkS) (width 0.15))
    (fp_line (start 1.6 5) (end 4.2 5) (layer F.SilkS) (width 0.15))
    (fp_line (start 1.6 -8) (end 1.6 5) (layer F.SilkS) (width 0.15))
    (fp_line (start -0.9 0) (end -0.9 -8) (layer F.SilkS) (width 0.15))
    (fp_line (start -0.9 -8) (end 7.1 -8) (layer F.SilkS) (width 0.15))
    (fp_line (start 7.1 -8) (end 7.1 5) (layer F.SilkS) (width 0.15))
    (fp_line (start 7.1 5) (end -0.9 5) (layer F.SilkS) (width 0.15))
    (fp_line (start -0.9 5) (end -0.9 0) (layer F.SilkS) (width 0.15))
    (pad 1 thru_hole circle (at 0 0 180) (size 1.7 1.7) (drill 1.1) (layers *.Cu *.Mask)
      (net 40 OUT_0))
    (pad 2 thru_hole circle (at 2.54 0 180) (size 1.7 1.7) (drill 1.1) (layers *.Cu *.Mask)
      (net 69 GND_0))
    (pad 2 thru_hole circle (at 2.54 -5.08 180) (size 1.7 1.7) (drill 1.1) (layers *.Cu *.Mask)
      (net 69 GND_0))
    (pad 1 thru_hole circle (at 0 -5.08 180) (size 1.7 1.7) (drill 1.1) (layers *.Cu *.Mask)
      (net 40 OUT_0))
  )

  (module microstim:CC3-0512DF-E (layer F.Cu) (tedit 5BEDDF54) (tstamp 5C8CE632)
    (at 206 112 90)
    (path /5D616C21)
    (fp_text reference U13 (at 12.5 0.5 90) (layer F.SilkS)
      (effects (font (size 1 1) (thickness 0.15)))
    )
    (fp_text value CC3-0512DF-E (at 8 -2 90) (layer F.Fab)
      (effects (font (size 1 1) (thickness 0.15)))
    )
    (fp_line (start 0 0) (end 0 -16) (layer F.SilkS) (width 0.15))
    (fp_line (start 0 -16) (end 23 -16) (layer F.SilkS) (width 0.15))
    (fp_line (start 23 -16) (end 23 0) (layer F.SilkS) (width 0.15))
    (fp_line (start 23 0) (end 0 0) (layer F.SilkS) (width 0.15))
    (pad 3 thru_hole circle (at 0 -3 90) (size 1.524 1.524) (drill 0.762) (layers *.Cu *.Mask)
      (net 2 GND))
    (pad 2 thru_hole circle (at 0 -5.5 90) (size 1.524 1.524) (drill 0.762) (layers *.Cu *.Mask)
      (net 2 GND))
    (pad 1 thru_hole circle (at 0 -13 90) (size 1.524 1.524) (drill 0.762) (layers *.Cu *.Mask)
      (net 6 VUSB))
    (pad a thru_hole circle (at 2.5 0 90) (size 1.8 1.8) (drill 1.2) (layers *.Cu *.Mask))
    (pad a thru_hole circle (at 20.5 -16 90) (size 1.8 1.8) (drill 1.2) (layers *.Cu *.Mask))
    (pad 7 thru_hole circle (at 23 -13 90) (size 1.524 1.524) (drill 0.762) (layers *.Cu *.Mask)
      (net 72 +15V_1))
    (pad 6 thru_hole circle (at 23 -10.5 90) (size 1.524 1.524) (drill 0.762) (layers *.Cu *.Mask)
      (net 73 -15V_1))
    (pad 5 thru_hole circle (at 23 -5.5 90) (size 1.524 1.524) (drill 0.762) (layers *.Cu *.Mask)
      (net 74 GND_1))
    (pad 4 thru_hole circle (at 23 -3 90) (size 1.524 1.524) (drill 0.762) (layers *.Cu *.Mask)
      (net 73 -15V_1))
  )

  (module Capacitor_SMD:C_0603_1608Metric (layer F.Cu) (tedit 5B301BBE) (tstamp 5C8CD07E)
    (at 194.025 85.65 270)
    (descr "Capacitor SMD 0603 (1608 Metric), square (rectangular) end terminal, IPC_7351 nominal, (Body size source: http://www.tortai-tech.com/upload/download/2011102023233369053.pdf), generated with kicad-footprint-generator")
    (tags capacitor)
    (path /5D616C03)
    (attr smd)
    (fp_text reference C33 (at 0.1 1.4 270) (layer F.SilkS)
      (effects (font (size 1 1) (thickness 0.15)))
    )
    (fp_text value 1uF (at 0 1.43 270) (layer F.Fab)
      (effects (font (size 1 1) (thickness 0.15)))
    )
    (fp_text user %R (at 0 0 270) (layer F.Fab)
      (effects (font (size 0.4 0.4) (thickness 0.06)))
    )
    (fp_line (start 1.48 0.73) (end -1.48 0.73) (layer F.CrtYd) (width 0.05))
    (fp_line (start 1.48 -0.73) (end 1.48 0.73) (layer F.CrtYd) (width 0.05))
    (fp_line (start -1.48 -0.73) (end 1.48 -0.73) (layer F.CrtYd) (width 0.05))
    (fp_line (start -1.48 0.73) (end -1.48 -0.73) (layer F.CrtYd) (width 0.05))
    (fp_line (start -0.162779 0.51) (end 0.162779 0.51) (layer F.SilkS) (width 0.12))
    (fp_line (start -0.162779 -0.51) (end 0.162779 -0.51) (layer F.SilkS) (width 0.12))
    (fp_line (start 0.8 0.4) (end -0.8 0.4) (layer F.Fab) (width 0.1))
    (fp_line (start 0.8 -0.4) (end 0.8 0.4) (layer F.Fab) (width 0.1))
    (fp_line (start -0.8 -0.4) (end 0.8 -0.4) (layer F.Fab) (width 0.1))
    (fp_line (start -0.8 0.4) (end -0.8 -0.4) (layer F.Fab) (width 0.1))
    (pad 2 smd roundrect (at 0.7875 0 270) (size 0.875 0.95) (layers F.Cu F.Paste F.Mask) (roundrect_rratio 0.25)
      (net 72 +15V_1))
    (pad 1 smd roundrect (at -0.7875 0 270) (size 0.875 0.95) (layers F.Cu F.Paste F.Mask) (roundrect_rratio 0.25)
      (net 74 GND_1))
    (model ${KISYS3DMOD}/Capacitor_SMD.3dshapes/C_0603_1608Metric.wrl
      (at (xyz 0 0 0))
      (scale (xyz 1 1 1))
      (rotate (xyz 0 0 0))
    )
  )

  (module Capacitor_SMD:C_0603_1608Metric (layer F.Cu) (tedit 5B301BBE) (tstamp 5C8CDE6D)
    (at 178.3 114.1 180)
    (descr "Capacitor SMD 0603 (1608 Metric), square (rectangular) end terminal, IPC_7351 nominal, (Body size source: http://www.tortai-tech.com/upload/download/2011102023233369053.pdf), generated with kicad-footprint-generator")
    (tags capacitor)
    (path /5D616BC6)
    (attr smd)
    (fp_text reference C26 (at 0 -1.43 180) (layer F.SilkS)
      (effects (font (size 1 1) (thickness 0.15)))
    )
    (fp_text value 0.1uF (at 0 1.43) (layer F.Fab)
      (effects (font (size 1 1) (thickness 0.15)))
    )
    (fp_line (start -0.8 0.4) (end -0.8 -0.4) (layer F.Fab) (width 0.1))
    (fp_line (start -0.8 -0.4) (end 0.8 -0.4) (layer F.Fab) (width 0.1))
    (fp_line (start 0.8 -0.4) (end 0.8 0.4) (layer F.Fab) (width 0.1))
    (fp_line (start 0.8 0.4) (end -0.8 0.4) (layer F.Fab) (width 0.1))
    (fp_line (start -0.162779 -0.51) (end 0.162779 -0.51) (layer F.SilkS) (width 0.12))
    (fp_line (start -0.162779 0.51) (end 0.162779 0.51) (layer F.SilkS) (width 0.12))
    (fp_line (start -1.48 0.73) (end -1.48 -0.73) (layer F.CrtYd) (width 0.05))
    (fp_line (start -1.48 -0.73) (end 1.48 -0.73) (layer F.CrtYd) (width 0.05))
    (fp_line (start 1.48 -0.73) (end 1.48 0.73) (layer F.CrtYd) (width 0.05))
    (fp_line (start 1.48 0.73) (end -1.48 0.73) (layer F.CrtYd) (width 0.05))
    (fp_text user %R (at 0 0 90) (layer F.Fab)
      (effects (font (size 0.4 0.4) (thickness 0.06)))
    )
    (pad 1 smd roundrect (at -0.7875 0 180) (size 0.875 0.95) (layers F.Cu F.Paste F.Mask) (roundrect_rratio 0.25)
      (net 1 +3V3))
    (pad 2 smd roundrect (at 0.7875 0 180) (size 0.875 0.95) (layers F.Cu F.Paste F.Mask) (roundrect_rratio 0.25)
      (net 2 GND))
    (model ${KISYS3DMOD}/Capacitor_SMD.3dshapes/C_0603_1608Metric.wrl
      (at (xyz 0 0 0))
      (scale (xyz 1 1 1))
      (rotate (xyz 0 0 0))
    )
  )

  (module Capacitor_SMD:C_0603_1608Metric (layer F.Cu) (tedit 5B301BBE) (tstamp 5C8CE176)
    (at 167.3 114.2)
    (descr "Capacitor SMD 0603 (1608 Metric), square (rectangular) end terminal, IPC_7351 nominal, (Body size source: http://www.tortai-tech.com/upload/download/2011102023233369053.pdf), generated with kicad-footprint-generator")
    (tags capacitor)
    (path /5D616C7B)
    (attr smd)
    (fp_text reference C27 (at -0.1 1.4) (layer F.SilkS)
      (effects (font (size 1 1) (thickness 0.15)))
    )
    (fp_text value 0.1uF (at 0 1.43) (layer F.Fab)
      (effects (font (size 1 1) (thickness 0.15)))
    )
    (fp_text user %R (at 0 0) (layer F.Fab)
      (effects (font (size 0.4 0.4) (thickness 0.06)))
    )
    (fp_line (start 1.48 0.73) (end -1.48 0.73) (layer F.CrtYd) (width 0.05))
    (fp_line (start 1.48 -0.73) (end 1.48 0.73) (layer F.CrtYd) (width 0.05))
    (fp_line (start -1.48 -0.73) (end 1.48 -0.73) (layer F.CrtYd) (width 0.05))
    (fp_line (start -1.48 0.73) (end -1.48 -0.73) (layer F.CrtYd) (width 0.05))
    (fp_line (start -0.162779 0.51) (end 0.162779 0.51) (layer F.SilkS) (width 0.12))
    (fp_line (start -0.162779 -0.51) (end 0.162779 -0.51) (layer F.SilkS) (width 0.12))
    (fp_line (start 0.8 0.4) (end -0.8 0.4) (layer F.Fab) (width 0.1))
    (fp_line (start 0.8 -0.4) (end 0.8 0.4) (layer F.Fab) (width 0.1))
    (fp_line (start -0.8 -0.4) (end 0.8 -0.4) (layer F.Fab) (width 0.1))
    (fp_line (start -0.8 0.4) (end -0.8 -0.4) (layer F.Fab) (width 0.1))
    (pad 2 smd roundrect (at 0.7875 0) (size 0.875 0.95) (layers F.Cu F.Paste F.Mask) (roundrect_rratio 0.25)
      (net 2 GND))
    (pad 1 smd roundrect (at -0.7875 0) (size 0.875 0.95) (layers F.Cu F.Paste F.Mask) (roundrect_rratio 0.25)
      (net 1 +3V3))
    (model ${KISYS3DMOD}/Capacitor_SMD.3dshapes/C_0603_1608Metric.wrl
      (at (xyz 0 0 0))
      (scale (xyz 1 1 1))
      (rotate (xyz 0 0 0))
    )
  )

  (module Capacitor_SMD:C_0603_1608Metric (layer F.Cu) (tedit 5B301BBE) (tstamp 5C8CD1D7)
    (at 167.225 100.75)
    (descr "Capacitor SMD 0603 (1608 Metric), square (rectangular) end terminal, IPC_7351 nominal, (Body size source: http://www.tortai-tech.com/upload/download/2011102023233369053.pdf), generated with kicad-footprint-generator")
    (tags capacitor)
    (path /5D616C82)
    (attr smd)
    (fp_text reference C31 (at 0 -1.43) (layer F.SilkS)
      (effects (font (size 1 1) (thickness 0.15)))
    )
    (fp_text value 0.1uF (at 0 1.43) (layer F.Fab)
      (effects (font (size 1 1) (thickness 0.15)))
    )
    (fp_line (start -0.8 0.4) (end -0.8 -0.4) (layer F.Fab) (width 0.1))
    (fp_line (start -0.8 -0.4) (end 0.8 -0.4) (layer F.Fab) (width 0.1))
    (fp_line (start 0.8 -0.4) (end 0.8 0.4) (layer F.Fab) (width 0.1))
    (fp_line (start 0.8 0.4) (end -0.8 0.4) (layer F.Fab) (width 0.1))
    (fp_line (start -0.162779 -0.51) (end 0.162779 -0.51) (layer F.SilkS) (width 0.12))
    (fp_line (start -0.162779 0.51) (end 0.162779 0.51) (layer F.SilkS) (width 0.12))
    (fp_line (start -1.48 0.73) (end -1.48 -0.73) (layer F.CrtYd) (width 0.05))
    (fp_line (start -1.48 -0.73) (end 1.48 -0.73) (layer F.CrtYd) (width 0.05))
    (fp_line (start 1.48 -0.73) (end 1.48 0.73) (layer F.CrtYd) (width 0.05))
    (fp_line (start 1.48 0.73) (end -1.48 0.73) (layer F.CrtYd) (width 0.05))
    (fp_text user %R (at 0 0) (layer F.Fab)
      (effects (font (size 0.4 0.4) (thickness 0.06)))
    )
    (pad 1 smd roundrect (at -0.7875 0) (size 0.875 0.95) (layers F.Cu F.Paste F.Mask) (roundrect_rratio 0.25)
      (net 75 +5V_1))
    (pad 2 smd roundrect (at 0.7875 0) (size 0.875 0.95) (layers F.Cu F.Paste F.Mask) (roundrect_rratio 0.25)
      (net 74 GND_1))
    (model ${KISYS3DMOD}/Capacitor_SMD.3dshapes/C_0603_1608Metric.wrl
      (at (xyz 0 0 0))
      (scale (xyz 1 1 1))
      (rotate (xyz 0 0 0))
    )
  )

  (module Capacitor_SMD:C_0603_1608Metric (layer F.Cu) (tedit 5B301BBE) (tstamp 5C8CC8CB)
